% 100.0  1961 W IEEE 57 Bus Test Case
Bus.con = [
      1      100    1.047      0.0    1    1;
      2      100    1.049  -0.1004    1    1;
      3      100     1.03  -0.1501    1    1;
      4      100    1.004  -0.1677    1    1;
      5      100    1.005  -0.1503    1    1;
      6      100    1.008  -0.1387    1    1;
      7      100    0.997  -0.1767    1    1;
      8      100    0.996  -0.1473    1    1;
      9      100    1.028  -0.1802    1    1;
     10      100    1.017 -0.09472    1    1;
     11      100    1.013  -0.1097    1    1;
     12      100        1   -0.109    1    1;
     13      100    1.014  -0.1064    1    1;
     14      100    1.012  -0.1336    1    1;
     15      100    1.015   -0.135    1    1;
     16      100    1.032   -0.108    1    1;
     17      100    1.034  -0.1274    1    1;
     18      100    1.031  -0.1435    1    1;
     19      100     1.05 -0.01785    1    1;
     20      100   0.9912 -0.03516    1    1;
     21      100    1.032 -0.06598    1    1;
     22      100     1.05  0.01166    1    1;
     23      100    1.045 0.008203    1    1;
     24      100    1.037  -0.1059    1    1;
     25      100    1.058 -0.07616    1    1;
     26      100    1.052 -0.09646    1    1;
     27      100    1.038  -0.1308    1    1;
     28      100     1.05 -0.03517    1    1;
     29      100     1.05  0.01299    1    1;
     30      100    1.048 -0.05819    1    1;
     31      100    0.982  -0.1853    1    1;
     32      100   0.9831  0.04484    1    1;
     33      100   0.9972  0.07321    1    1;
     34      100    1.012  0.05541    1    1;
     35      100    1.049  0.09826    1    1;
     36      100    1.063   0.1453    1    1;
     37      100    1.028  0.04226    1    1;
     38      100    1.027   0.1363    1    1;
     39      100     1.03  -0.1755    1    1;
     40      100   0.9912 -0.03516    1    1;
     41      100    1.032 -0.06598    1    1;
     42      100     1.05  0.01166    1    1;
     43      100    1.045 0.008203    1    1;
     44      100    1.037  -0.1059    1    1;
     45      100    1.058 -0.07616    1    1;
     46      100    1.052 -0.09646    1    1;
     47      100    1.038  -0.1308    1    1;
     48      100     1.05 -0.03517    1    1;
     49      100     1.05  0.01299    1    1;
     50      100    1.048 -0.05819    1    1;
     51      100    0.982      0.0    1    1;
     52      100   0.9831  0.04484    1    1;
     53      100   0.9972  0.07321    1    1;
     54      100    1.012  0.05541    1    1;
     55      100    1.049  0.09826    1    1;
     56      100    1.063   0.1453    1    1;
     57      100    1.028  0.04226    1    1;

]


SW.con = [ ...
     1     1000      100    0.982        0     99.9    -99.9      1.1      0.9   0.5208 1 1  1;
   ];


Line.con = [
   1    2   100   100   60   0  0  0.0035   0.0411   0.6987     0     0     0    0   0   1;
   2    3   100   100   60   0  0   0.001    0.025     0.75     0     0     0    0   0   1;
   3    4   100   100   60   0  0  0.0013   0.0151   0.2572     0     0     0    0   0   1;
   4    5   100   100   60   0  0   0.007   0.0086    0.146     0     0     0    0   0   1;
   4    6   100   100   60   0  0  0.0013   0.0213   0.2214     0     0     0    0   0   1;
   6    7   100   100   60   0  0  0.0011   0.0133   0.2138     0     0     0    0   0   1;
   6    8   100   100   60   0  0  0.0008   0.0128   0.1342     0     0     0    0   0   1;
   8    9   100   100   60   0  0  0.0008   0.0129   0.1382     0     0     0    0   0   1;
   9   10   100   100   60   0  0  0.0002   0.0026   0.0434     0     0     0    0   0   1;
   9   11   100   100   60   0  0  0.0008   0.0112   0.1476     0     0     0    0   0   1;
   9   12   100   100   60   0  0  0.0006   0.0092    0.113     0     0     0    0   0   1;
   9   13   100   100   60   0  0  0.0007   0.0082   0.1389     0     0     0    0   0   1;
  13   14   100   100   60   0  0  0.0004   0.0046    0.078     0     0     0    0   0   1;
  13   15   100   100   60   0  0  0.0023   0.0363   0.3804     0     0     0    0   0   1;
   1   15   100   100   60   0  0   0.001    0.025      1.2     0     0     0    0   0   1;
   1   16   100   100   60   0  0  0.0004   0.0043   0.0729     0     0     0    0   0   1;
   1   17   100   100   60   0  0  0.0004   0.0043   0.0729     0     0     0    0   0   1;
   3   15   100   100   60   0  0  0.0009   0.0101   0.1723     0     0     0    0   0   1;
   5    6   100   100   60   0  0  0.0018   0.0217    0.366     0     0     0    0   0   1;
   7    8   100   100   60   0  0  0.0009   0.0094    0.171     0     0     0    0   0   1;
  10   12   100   100   60   0  0  0.0007   0.0089   0.1342     0     0     0    0   0   1;
  11   13   100   100   60   0  0  0.0016   0.0195    0.304     0     0     0    0   0   1;
  12   13   100   100   60   0  0  0.0008   0.0135   0.2548     0     0     0    0   0   1;
  12   16   100   100   60   0  0  0.0003   0.0059    0.068     0     0     0    0   0   1;
  12   17   100   100   60   0  0  0.0007   0.0082   0.1319     0     0     0    0   0   1;
  14   15   100   100   60   0  0  0.0013   0.0173   0.3216     0     0     0    0   0   1;
  18   19   100   100   60   0  0  0.0008    0.014   0.2565     0     0     0    0   0   1;
  19   20   100   100   60   0  0  0.0006   0.0096   0.1846     0     0     0    0   0   1;
  21   22   100   100   60   0  0  0.0022   0.0035    0.361     0     0     0    0   0   1;
  22   23   100   100   60   0  0  0.0032   0.0323    0.513     0     0     0    0   0   1;
  23   24   100   100   60   0  0  0.0014   0.0147   0.2396     0     0     0    0   0   1;
  26   27   100   100   60   0  0  0.0043   0.0474   0.7802     0     0     0    0   0   1;
  27   28   100   100   60   0  0  0.0057   0.0625    1.029     0     0     0    0   0   1;
  28   29   100   100   60   0  0  0.0014   0.0151    0.249     0     0     0    0   0   1;
  25   30   100   100   60   0  0  0.0035   0.0411   0.6987     0     0     0    0   0   1;
  30   31   100   100   60   0  0   0.001    0.025     0.75     0     0     0    0   0   1;
  31   32   100   100   60   0  0  0.0013   0.0151   0.2572     0     0     0    0   0   1;
  32   33   100   100   60   0  0   0.007   0.0086    0.146     0     0     0    0   0   1;
  34   35   100   100   60   0  0  0.0013   0.0213   0.2214     0     0     0    0   0   1;
  35   36   100   100   60   0  0  0.0011   0.0133   0.2138     0     0     0    0   0   1;
  36   37   100   100   60   0  0  0.0008   0.0128   0.1342     0     0     0    0   0   1;
  37   38   100   100   60   0  0  0.0008   0.0129   0.1382     0     0     0    0   0   1;
  37   39   100   100   60   0  0  0.0002   0.0026   0.0434     0     0     0    0   0   1;
  36   40   100   100   60   0  0  0.0008   0.0112   0.1476     0     0     0    0   0   1;
  22   38   100   100   60   0  0  0.0006   0.0092    0.113     0     0     0    0   0   1;
  41   42   100   100   60   0  0  0.0007   0.0082   0.1389     0     0     0    0   0   1;
  38   44   100   100   60   0  0  0.0004   0.0046    0.078     0     0     0    0   0   1;
  46   47   100   100   60   0  0  0.0023   0.0363   0.3804     0     0     0    0   0   1;
  47   48   100   100   60   0  0   0.001    0.025      1.2     0     0     0    0   0   1;
  48   49   100   100   60   0  0  0.0004   0.0043   0.0729     0     0     0    0   0   1;
  49   50   100   100   60   0  0  0.0004   0.0043   0.0729     0     0     0    0   0   1;
  50   51   100   100   60   0  0  0.0009   0.0101   0.1723     0     0     0    0   0   1;
  29   52   100   100   60   0  0  0.0018   0.0217    0.366     0     0     0    0   0   1;
  52   53   100   100   60   0  0  0.0009   0.0094    0.171     0     0     0    0   0   1;
  53   54   100   100   60   0  0  0.0007   0.0089   0.1342     0     0     0    0   0   1;
  54   55   100   100   60   0  0  0.0016   0.0195    0.304     0     0     0    0   0   1;
