    Line.con = [ ...
   1    2 100      100 60 0         0   0.0035   0.0411   0.6987        0        0        0        0        0  1;
   1   39 100      100 60 0         0    0.001    0.025     0.75        0        0        0        0        0  1;
   2   25 100      100 60 0         0    0.007   0.0086    0.146        0        0        0        0        0  1;
   3   18 100      100 60 0         0   0.0011   0.0133   0.2138        0        0        0        0        0  1;
   4    5 100      100 60 0         0   0.0008   0.0128   0.1342        0        0        0        0        0  1;
   5    6 100      100 60 0         0   0.0002   0.0026   0.0434        0        0        0        0        0  1;
   5    8 100      100 60 0         0   0.0008   0.0112   0.1476        0        0        0        0        0  1;
   6    7 100      100 60 0         0   0.0006   0.0092    0.113        0        0        0        0        0  1;
   6   11 100      100 60 0         0   0.0007   0.0082   0.1389        0        0        0        0        0  1;
   7    8 100      100 60 0         0   0.0004   0.0046    0.078        0        0        0        0        0  1;
   8    9 100      100 60 0         0   0.0023   0.0363   0.3804        0        0        0        0        0  1;
   9   39 100      100 60 0         0    0.001    0.025      1.2        0        0        0        0        0  1;
  10   11 100      100 60 0         0   0.0004   0.0043   0.0729        0        0        0        0        0  1;
  10   13 100      100 60 0         0   0.0004   0.0043   0.0729        0        0        0        0        0  1;
  14   15 100      100 60 0         0   0.0018   0.0217    0.366        0        0        0        0        0  1;
  15   16 100      100 60 0         0   0.0009   0.0094    0.171        0        0        0        0        0  1;
  16   17 100      100 60 0         0   0.0007   0.0089   0.1342        0        0        0        0        0  1;
  16   19 100      100 60 0         0   0.0016   0.0195    0.304        0        0        0        0        0  1;
  16   21 100      100 60 0         0   0.0008   0.0135   0.2548        0        0        0        0        0  1;
  16   24 100      100 60 0         0   0.0003   0.0059    0.068        0        0        0        0        0  1;
  17   18 100      100 60 0         0   0.0007   0.0082   0.1319        0        0        0        0        0  1;
  17   27 100      100 60 0         0   0.0013   0.0173   0.3216        0        0        0        0        0  1;
  21   22 100      100 60 0         0   0.0008   0.0142   0.2565        0        0        0        0        0  1;
  22   23 100      100 60 0         0   0.0006   0.0096   0.1846        0        0        0        0        0  1;
  23   24 100      100 60 0         0   0.0022   0.0035    0.361        0        0        0        0        0  1;
  25   26 100      100 60 0         0   0.0032   0.0323    0.513        0        0        0        0        0  1;
  26   27 100      100 60 0         0   0.0014   0.0147   0.2396        0        0        0        0        0  1;
  26   28 100      100 60 0         0   0.0043   0.0474   0.7802        0        0        0        0        0  1;
  26   29 100      100 60 0         0   0.0057   0.0625    1.029        0        0        0        0        0  1;
  28   29 100      100 60 0         0   0.0014   0.0151    0.249        0        0        0        0        0  1;
  40   13 100      100 60 0         0   0.0003   0.0213   0.2565        0        0        0        0        0  1;
  40   14 100      100 60 0         0   0.0004   0.0217   0.2456        0        0        0        0        0  1;
  41    5 100      100 60 0         0   0.0007   0.0289   0.2783        0        0        0        0        0  1;
  41   53 100      100 60 0         0   0.0004   0.0226   0.2243        0        0        0        0        0  1;
  42    4 100      100 60 0         0   0.0006   0.0094   0.1812        0        0        0        0        0  1;
  42    5 100      100 60 0         0   0.0006   0.0092   0.1191        0        0        0        0        0  1;
  42   43 100      100 60 0         0   0.0006   0.0094   0.1723        0        0        0        0        0  1;
  43   11 100      100 60 0         0   0.0022   0.0035    0.363        0        0        0        0        0  1;
  44    3 100      100 60 0         0   0.0042   0.0075    0.342        0        0        0        0        0  1;
  44    2 100      100 60 0         0   0.0073   0.0095    0.361        0        0        0        0        0  1;
  45    4 100      100 60 0         0   0.0097   0.0339    0.872        0        0        0        0        0  1;
  45    3 100      100 60 0         0   0.0032   0.0303    0.333        0        0        0        0        0  1;
  46    4 100      100 60 0         0   0.0058   0.0399    0.574        0        0        0        0        0  1;
  47   46 100      100 60 0         0   0.0048   0.0299    0.319        0        0        0        0        0  1;
  47   18 100      100 60 0         0   0.0049   0.0298    0.318        0        0        0        0        0  1;
  48   14 100      100 60 0         0   0.0051   0.0282    0.321        0        0        0        0        0  1;
  48   46 100      100 60 0         0   0.0032   0.0263    0.302        0        0        0        0        0  1;
  49   48 100      100 60 0         0   0.0031   0.0322    0.372        0        0        0        0        0  1;
  49   17 100      100 60 0         0   0.0029   0.0324    0.382        0        0        0        0        0  1;
  50   10 100      100 60 0         0   0.0008    0.081   0.6125        0        0        0        0        0  1;
  50   20 100      100 60 0         0   0.0008    0.072   0.6345        0        0        0        0        0  1;
  50   19 100      100 60 0         0   0.0006    0.061   0.6145        0        0        0        0        0  1;
  51    7 100      100 60 0         0   0.0008    0.040   0.6212        0        0        0        0        0  1;
  52   51 100      100 60 0         0   0.0008    0.052   0.4834        0        0        0        0        0  1;
  52   39 100      100 60 0         0   0.0007    0.066   0.4752        0        0        0        0        0  1;
  53    1 100      100 60 0         0   0.0007    0.066   0.4523        0        0        0        0        0  1;
  54   53 100      100 60 0         0   0.0097   0.0399    0.513        0        0        0        0        0  1;
  55   54 100      100 60 0         0   0.0015    0.076   0.1466        0        0        0        0        0  1;
  56   55 100      100 60 0         0   0.0016    0.076   0.1466        0        0        0        0        0  1;
  56   29 100      100 60 0         0   0.0024    0.022   0.1861        0        0        0        0        0  1;
  57   55 100      100 60 0         0   0.0032    0.029   0.2452        0        0        0        0        0  1;
  57   26 100      100 60 0         0   0.0031    0.026   0.2512        0        0        0        0        0  1;
   2   30 100      100 60 0         1        0   0.0181        0    1.025        0        0        0        0  1;
   6   31 100      100 60 0         1        0    0.025        0     1.07        0        0        0        0  1;
  10   32 100      100 60 0         1        0     0.02        0     1.07        0        0        0        0  1;
  12   11 100      100 60 0         1   0.0016   0.0435        0    1.006        0        0        0        0  1;
  12   13 100      100 60 0         1   0.0016   0.0435        0    1.006        0        0        0        0  1;
  19   20 100      100 60 0         1   0.0007   0.0138        0     1.06        0        0        0        0  1;
  19   33 100      100 60 0         1   0.0007   0.0142        0     1.07        0        0        0        0  1;
